-------- OLD: Pre-deepspace --------
-- TLE portion
number:		25544
epochyr:	17
epochdays:	241.209688
nprimediv2:	0.000000
ndprimediv6:	0.000000
Bstar:		0.000251
i:		0.901302
alpha:		0.598639
e:		0.000442
omega:		3.460442
Mo:		2.775878
no:		0.067799
-- Standard elements
a:		1.063502
alta:		0.063972
altp:		0.063031
aycof:		0.000919
C1:		0.000000
C4:		0.000001
C5:		0.000575
con41:		0.155394
d2:		0.000000
d3:		0.000000
d4:		0.000000
delMo:		0.974548
eta:		0.009163
mdot:		0.067807
nodecf:		-0.000000
nodedot:	-0.000060
omegaprime:	0.000045
omgcof:		-0.000001
sinMo:		0.357617
t2cof:		0.000000
t3cof:		0.000000
t4cof:		0.000000
t5cof:		0.000000
x1mth2:		0.614869
x7thm1:		1.695920
xlcof:		0.001731
xmcof:		-0.011170
GSTo:		0.926552
-- Deepspace elements
e3:		0.000000
ee2:		0.000000
peo:		0.000000
pgho:		0.000000
pho:		0.000000
pinco:		0.000000
plo:		0.000000
se2:		0.000000
se3:		0.000000
sgh2:		0.000000
sgh3:		0.000000
sgh4:		0.000000
sh2:		0.000000
sh3:		0.000000
si2:		0.000000
si3:		0.000000
sl2:		0.000000
sl3:		0.000000
sl4:		0.000000
xgh2:		0.000000
xgh3:		0.000000
xgh4:		0.000000
xh2:		0.000000
xh3:		0.000000
xi2:		0.000000
xi3:		0.000000
xl2:		0.000000
xl3:		0.000000
xl4:		0.000000
zmol:		0.000000
zmos:		0.000000
-- Flags
Deepsp:		n
Lowper:		0
-------- OLD: End init  (sat->isimp != 1) --------
-- TLE portion
number:		25544
epochyr:	17
epochdays:	241.209688
nprimediv2:	0.000000
ndprimediv6:	0.000000
Bstar:		0.000251
i:		0.901302
alpha:		0.598639
e:		0.000442
omega:		3.460442
Mo:		2.775878
no:		0.067799
-- Standard elements
a:		1.063502
alta:		0.063972
altp:		0.063031
aycof:		0.000919
C1:		0.000000
C4:		0.000001
C5:		0.000575
con41:		0.155394
d2:		0.000000
d3:		0.000000
d4:		0.000000
delMo:		0.974548
eta:		0.009163
mdot:		0.067807
nodecf:		-0.000000
nodedot:	-0.000060
omegaprime:	0.000045
omgcof:		-0.000001
sinMo:		0.357617
t2cof:		0.000000
t3cof:		0.000000
t4cof:		0.000000
t5cof:		0.000000
x1mth2:		0.614869
x7thm1:		1.695920
xlcof:		0.001731
xmcof:		-0.011170
GSTo:		0.926552
-- Deepspace elements
e3:		0.000000
ee2:		0.000000
peo:		0.000000
pgho:		0.000000
pho:		0.000000
pinco:		0.000000
plo:		0.000000
se2:		0.000000
se3:		0.000000
sgh2:		0.000000
sgh3:		0.000000
sgh4:		0.000000
sh2:		0.000000
sh3:		0.000000
si2:		0.000000
si3:		0.000000
sl2:		0.000000
sl3:		0.000000
sl4:		0.000000
xgh2:		0.000000
xgh3:		0.000000
xgh4:		0.000000
xh2:		0.000000
xh3:		0.000000
xi2:		0.000000
xi3:		0.000000
xl2:		0.000000
xl3:		0.000000
xl4:		0.000000
zmol:		0.000000
zmos:		0.000000
-- Flags
Deepsp:		n
Lowper:		0
